# Created by Octave 3.2.4, Mon Jun 08 15:10:19 2015 Eastern Daylight Time <unknown@unknown>
# name: sizes
# type: range
# base, limit, increment
10 90 5
# name: costStore
# type: matrix
# rows: 1
# columns: 17
 1.004760946766735 0.6925504465847379 0.8200778028239354 0.6058800381127039 0.785724334255278 0.5512922108674551 0.6774155461477408 0.5964358468191792 0.6530007044247109 0.5317334098227693 0.5243949005242181 0.5048112622183274 0.5530856052654632 0.5172378180683548 0.5278925447103167 0.6078981539767807 0.4911243988006363
